1111100101101110
0000000011111010
1111011000100001
1111001000101101
0000100100101110
0000010100000000
0000010001100110
0000001001101011
1111000101000001
1111101101110100
0000111001000011
1111000111101100
0000101110100110
0000110000010010
1111000110100100
0000010011100000
0000000110100111
0000001100011110
1111111101111010
1111100100001111
1111100110000111
0000000111110111
1111110010101101
0000100100111101
1111110101100101
1111010010011011
1111010011010101
1111000111000101
0000011011111010
1111100101011011
1111011001011101
0000101010011010
0000001000101100
1111001010100011
0000000101110000
1111010100010111