0000000000000000
0000000000000000
0000000000000000
0000000000000000
end0
0000000000000000
0000000000000000
0000000000000000
0000000000000000
end0
0000000000000000
0000000000000000
0000000000000000
0000000000000000
end0
0000000000000000
0000000000000000
0000000000000000
0000000000000000
end0
0000000000000000
0000000000000000
0000000000000000
0000000000000000
end0
0000000000000000
0000000000000000
0000000000000000
0000000000000000
end0
0000000000000000
0000000000000000
0000000000000000
0000000000000000
end0
0000000000000000
0000000000000000
0000000000000000
0000000000000000
end0
0000000000000000
0000000000000000
0000000000000000
0000000000000000
end0
0000000000000000
0000000000000000
0000000000000000
0000000000000000
end0
0000010010110011
0000100011110001
0000111001101111
0000011011011000
end0
